0,0,1,15.0
0,0,2,40.0
0,0,3,51.0
0,0,4,68.0
0,0,5,80.0
0,0,6,84.0
0,0,7,92.0
0,0,8,99.0
0,0,9,108.0
0,0,10,121.0
0,0,11,130.0
0,0,12,137.0
0,0,13,147.0
0,0,14,152.0
0,0,15,168.0
0,0,16,183.0
0,0,17,196.0
0,0,18,204.0
0,0,19,215.0
0,0,20,196.0
0,0,21,143.0
0,0,22,73.0
0,0,23,54.0
0,0,24,26.0
0,1,0,15.0
0,1,2,26.0
0,1,3,36.0
0,1,4,53.0
0,1,5,65.0
0,1,6,69.0
0,1,7,77.0
0,1,8,85.0
0,1,9,95.0
0,1,10,108.0
0,1,11,116.0
0,1,12,123.0
0,1,13,132.0
0,1,14,138.0
0,1,15,153.0
0,1,16,169.0
0,1,17,182.0
0,1,18,191.0
0,1,19,202.0
0,1,20,182.0
0,1,21,128.0
0,1,22,58.0
0,1,23,39.0
0,1,24,13.0
0,2,0,40.0
0,2,1,26.0
0,2,3,12.0
0,2,4,28.0
0,2,5,41.0
0,2,6,48.0
0,2,7,59.0
0,2,8,69.0
0,2,9,80.0
0,2,10,92.0
0,2,11,99.0
0,2,12,105.0
0,2,13,113.0
0,2,14,118.0
0,2,15,133.0
0,2,16,150.0
0,2,17,164.0
0,2,18,174.0
0,2,19,185.0
0,2,20,165.0
0,2,21,109.0
0,2,22,35.0
0,2,23,17.0
0,2,24,23.0
0,3,0,51.0
0,3,1,36.0
0,3,2,12.0
0,3,4,16.0
0,3,5,29.0
0,3,6,36.0
0,3,7,48.0
0,3,8,58.0
0,3,9,69.0
0,3,10,81.0
0,3,11,88.0
0,3,12,93.0
0,3,13,101.0
0,3,14,106.0
0,3,15,121.0
0,3,16,138.0
0,3,17,153.0
0,3,18,162.0
0,3,19,174.0
0,3,20,153.0
0,3,21,97.0
0,3,22,23.0
0,3,23,6.0
0,3,24,31.0
0,4,0,68.0
0,4,1,53.0
0,4,2,28.0
0,4,3,16.0
0,4,5,13.0
0,4,6,21.0
0,4,7,35.0
0,4,8,47.0
0,4,9,59.0
0,4,10,70.0
0,4,11,75.0
0,4,12,79.0
0,4,13,86.0
0,4,14,91.0
0,4,15,106.0
0,4,16,123.0
0,4,17,139.0
0,4,18,148.0
0,4,19,160.0
0,4,20,139.0
0,4,21,82.0
0,4,22,7.0
0,4,23,14.0
0,4,24,46.0
0,5,0,80.0
0,5,1,65.0
0,5,2,41.0
0,5,3,29.0
0,5,4,13.0
0,5,6,9.0
0,5,7,24.0
0,5,8,36.0
0,5,9,48.0
0,5,10,58.0
0,5,11,62.0
0,5,12,66.0
0,5,13,73.0
0,5,14,77.0
0,5,15,92.0
0,5,16,110.0
0,5,17,125.0
0,5,18,135.0
0,5,19,147.0
0,5,20,126.0
0,5,21,68.0
0,5,22,6.0
0,5,23,25.0
0,5,24,56.0
0,6,0,84.0
0,6,1,69.0
0,6,2,48.0
0,6,3,36.0
0,6,4,21.0
0,6,5,9.0
0,6,7,14.0
0,6,8,26.0
0,6,9,38.0
0,6,10,48.0
0,6,11,53.0
0,6,12,57.0
0,6,13,65.0
0,6,14,70.0
0,6,15,85.0
0,6,16,102.0
0,6,17,117.0
0,6,18,127.0
0,6,19,138.0
0,6,20,117.0
0,6,21,61.0
0,6,22,13.0
0,6,23,30.0
0,6,24,59.0
0,7,0,92.0
0,7,1,77.0
0,7,2,59.0
0,7,3,48.0
0,7,4,35.0
0,7,5,24.0
0,7,6,14.0
0,7,8,11.0
0,7,9,24.0
0,7,10,34.0
0,7,11,40.0
0,7,12,46.0
0,7,13,55.0
0,7,14,60.0
0,7,15,75.0
0,7,16,91.0
0,7,17,105.0
0,7,18,114.0
0,7,19,126.0
0,7,20,105.0
0,7,21,50.0
0,7,22,28.0
0,7,23,42.0
0,7,24,65.0
0,8,0,99.0
0,8,1,85.0
0,8,2,69.0
0,8,3,58.0
0,8,4,47.0
0,8,5,36.0
0,8,6,26.0
0,8,7,11.0
0,8,9,12.0
0,8,10,23.0
0,8,11,30.0
0,8,12,38.0
0,8,13,48.0
0,8,14,53.0
0,8,15,69.0
0,8,16,83.0
0,8,17,96.0
0,8,18,105.0
0,8,19,116.0
0,8,20,96.0
0,8,21,44.0
0,8,22,39.0
0,8,23,52.0
0,8,24,73.0
0,9,0,108.0
0,9,1,95.0
0,9,2,80.0
0,9,3,69.0
0,9,4,59.0
0,9,5,48.0
0,9,6,38.0
0,9,7,24.0
0,9,8,12.0
0,9,10,13.0
0,9,11,23.0
0,9,12,32.0
0,9,13,43.0
0,9,14,49.0
0,9,15,64.0
0,9,16,76.0
0,9,17,87.0
0,9,18,96.0
0,9,19,107.0
0,9,20,88.0
0,9,21,40.0
0,9,22,51.0
0,9,23,63.0
0,9,24,81.0
0,10,0,121.0
0,10,1,108.0
0,10,2,92.0
0,10,3,81.0
0,10,4,70.0
0,10,5,58.0
0,10,6,48.0
0,10,7,34.0
0,10,8,23.0
0,10,9,13.0
0,10,11,10.0
0,10,12,21.0
0,10,13,31.0
0,10,14,37.0
0,10,15,52.0
0,10,16,62.0
0,10,17,74.0
0,10,18,82.0
0,10,19,93.0
0,10,20,74.0
0,10,21,28.0
0,10,22,62.0
0,10,23,75.0
0,10,24,95.0
0,11,0,130.0
0,11,1,116.0
0,11,2,99.0
0,11,3,88.0
0,11,4,75.0
0,11,5,62.0
0,11,6,53.0
0,11,7,40.0
0,11,8,30.0
0,11,9,23.0
0,11,10,10.0
0,11,12,10.0
0,11,13,20.0
0,11,14,26.0
0,11,15,41.0
0,11,16,52.0
0,11,17,65.0
0,11,18,74.0
0,11,19,86.0
0,11,20,65.0
0,11,21,18.0
0,11,22,67.0
0,11,23,82.0
0,11,24,103.0
0,12,0,137.0
0,12,1,123.0
0,12,2,105.0
0,12,3,93.0
0,12,4,79.0
0,12,5,66.0
0,12,6,57.0
0,12,7,46.0
0,12,8,38.0
0,12,9,32.0
0,12,10,21.0
0,12,11,10.0
0,12,13,10.0
0,12,14,16.0
0,12,15,31.0
0,12,16,45.0
0,12,17,59.0
0,12,18,69.0
0,12,19,81.0
0,12,20,60.0
0,12,21,7.0
0,12,22,71.0
0,12,23,87.0
0,12,24,111.0
0,13,0,147.0
0,13,1,132.0
0,13,2,113.0
0,13,3,101.0
0,13,4,86.0
0,13,5,73.0
0,13,6,65.0
0,13,7,55.0
0,13,8,48.0
0,13,9,43.0
0,13,10,31.0
0,13,11,20.0
0,13,12,10.0
0,13,14,6.0
0,13,15,21.0
0,13,16,36.0
0,13,17,52.0
0,13,18,62.0
0,13,19,74.0
0,13,20,53.0
0,13,21,4.0
0,13,22,79.0
0,13,23,96.0
0,13,24,120.0
0,14,0,152.0
0,14,1,138.0
0,14,2,118.0
0,14,3,106.0
0,14,4,91.0
0,14,5,77.0
0,14,6,70.0
0,14,7,60.0
0,14,8,53.0
0,14,9,49.0
0,14,10,37.0
0,14,11,26.0
0,14,12,16.0
0,14,13,6.0
0,14,15,15.0
0,14,16,32.0
0,14,17,49.0
0,14,18,59.0
0,14,19,71.0
0,14,20,49.0
0,14,21,9.0
0,14,22,83.0
0,14,23,101.0
0,14,24,126.0
0,15,0,168.0
0,15,1,153.0
0,15,2,133.0
0,15,3,121.0
0,15,4,106.0
0,15,5,92.0
0,15,6,85.0
0,15,7,75.0
0,15,8,69.0
0,15,9,64.0
0,15,10,52.0
0,15,11,41.0
0,15,12,31.0
0,15,13,21.0
0,15,14,15.0
0,15,16,19.0
0,15,17,38.0
0,15,18,48.0
0,15,19,60.0
0,15,20,38.0
0,15,21,25.0
0,15,22,98.0
0,15,23,116.0
0,15,24,141.0
0,16,0,183.0
0,16,1,169.0
0,16,2,150.0
0,16,3,138.0
0,16,4,123.0
0,16,5,110.0
0,16,6,102.0
0,16,7,91.0
0,16,8,83.0
0,16,9,76.0
0,16,10,62.0
0,16,11,52.0
0,16,12,45.0
0,16,13,36.0
0,16,14,32.0
0,16,15,19.0
0,16,17,18.0
0,16,18,28.0
0,16,19,40.0
0,16,20,19.0
0,16,21,41.0
0,16,22,115.0
0,16,23,133.0
0,16,24,156.0
0,17,0,196.0
0,17,1,182.0
0,17,2,164.0
0,17,3,153.0
0,17,4,139.0
0,17,5,125.0
0,17,6,117.0
0,17,7,105.0
0,17,8,96.0
0,17,9,87.0
0,17,10,74.0
0,17,11,65.0
0,17,12,59.0
0,17,13,52.0
0,17,14,49.0
0,17,15,38.0
0,17,16,18.0
0,17,18,10.0
0,17,19,22.0
0,17,20,0.0
0,17,21,57.0
0,17,22,131.0
0,17,23,147.0
0,17,24,169.0
0,18,0,204.0
0,18,1,191.0
0,18,2,174.0
0,18,3,162.0
0,18,4,148.0
0,18,5,135.0
0,18,6,127.0
0,18,7,114.0
0,18,8,105.0
0,18,9,96.0
0,18,10,82.0
0,18,11,74.0
0,18,12,69.0
0,18,13,62.0
0,18,14,59.0
0,18,15,48.0
0,18,16,28.0
0,18,17,10.0
0,18,19,12.0
0,18,20,9.0
0,18,21,66.0
0,18,22,140.0
0,18,23,157.0
0,18,24,178.0
0,19,0,215.0
0,19,1,202.0
0,19,2,185.0
0,19,3,174.0
0,19,4,160.0
0,19,5,147.0
0,19,6,138.0
0,19,7,126.0
0,19,8,116.0
0,19,9,107.0
0,19,10,93.0
0,19,11,86.0
0,19,12,81.0
0,19,13,74.0
0,19,14,71.0
0,19,15,60.0
0,19,16,40.0
0,19,17,22.0
0,19,18,12.0
0,19,20,22.0
0,19,21,79.0
0,19,22,152.0
0,19,23,168.0
0,19,24,189.0
0,20,0,196.0
0,20,1,182.0
0,20,2,165.0
0,20,3,153.0
0,20,4,139.0
0,20,5,126.0
0,20,6,117.0
0,20,7,105.0
0,20,8,96.0
0,20,9,88.0
0,20,10,74.0
0,20,11,65.0
0,20,12,60.0
0,20,13,53.0
0,20,14,49.0
0,20,15,38.0
0,20,16,19.0
0,20,17,0.0
0,20,18,9.0
0,20,19,22.0
0,20,21,57.0
0,20,22,131.0
0,20,23,148.0
0,20,24,169.0
0,21,0,143.0
0,21,1,128.0
0,21,2,109.0
0,21,3,97.0
0,21,4,82.0
0,21,5,68.0
0,21,6,61.0
0,21,7,50.0
0,21,8,44.0
0,21,9,40.0
0,21,10,28.0
0,21,11,18.0
0,21,12,7.0
0,21,13,4.0
0,21,14,9.0
0,21,15,25.0
0,21,16,41.0
0,21,17,57.0
0,21,18,66.0
0,21,19,79.0
0,21,20,57.0
0,21,22,74.0
0,21,23,91.0
0,21,24,116.0
0,22,0,73.0
0,22,1,58.0
0,22,2,35.0
0,22,3,23.0
0,22,4,7.0
0,22,5,6.0
0,22,6,13.0
0,22,7,28.0
0,22,8,39.0
0,22,9,51.0
0,22,10,62.0
0,22,11,67.0
0,22,12,71.0
0,22,13,79.0
0,22,14,83.0
0,22,15,98.0
0,22,16,115.0
0,22,17,131.0
0,22,18,140.0
0,22,19,152.0
0,22,20,131.0
0,22,21,74.0
0,22,23,19.0
0,22,24,50.0
0,23,0,54.0
0,23,1,39.0
0,23,2,17.0
0,23,3,6.0
0,23,4,14.0
0,23,5,25.0
0,23,6,30.0
0,23,7,42.0
0,23,8,52.0
0,23,9,63.0
0,23,10,75.0
0,23,11,82.0
0,23,12,87.0
0,23,13,96.0
0,23,14,101.0
0,23,15,116.0
0,23,16,133.0
0,23,17,147.0
0,23,18,157.0
0,23,19,168.0
0,23,20,148.0
0,23,21,91.0
0,23,22,19.0
0,23,24,31.0
0,24,0,26.0
0,24,1,13.0
0,24,2,23.0
0,24,3,31.0
0,24,4,46.0
0,24,5,56.0
0,24,6,59.0
0,24,7,65.0
0,24,8,73.0
0,24,9,81.0
0,24,10,95.0
0,24,11,103.0
0,24,12,111.0
0,24,13,120.0
0,24,14,126.0
0,24,15,141.0
0,24,16,156.0
0,24,17,169.0
0,24,18,178.0
0,24,19,189.0
0,24,20,169.0
0,24,21,116.0
0,24,22,50.0
0,24,23,31.0
2,0,1,20.0
2,0,2,43.0
2,0,3,60.0
2,0,4,80.0
2,0,5,108.0
2,0,6,122.0
2,0,7,148.0
2,0,8,172.0
2,0,9,193.0
2,0,10,207.0
2,0,11,222.0
2,0,12,239.0
2,0,13,261.0
2,0,14,289.0
2,0,15,310.0
2,0,16,323.0
2,0,17,340.0
2,0,18,358.0
2,0,19,368.0
2,0,20,392.0
2,0,21,402.0
2,0,22,415.0
2,0,23,425.0
2,0,24,441.0
2,1,0,20.0
2,1,2,22.0
2,1,3,39.0
2,1,4,60.0
2,1,5,87.0
2,1,6,101.0
2,1,7,127.0
2,1,8,152.0
2,1,9,173.0
2,1,10,187.0
2,1,11,202.0
2,1,12,219.0
2,1,13,241.0
2,1,14,269.0
2,1,15,290.0
2,1,16,303.0
2,1,17,320.0
2,1,18,337.0
2,1,19,348.0
2,1,20,371.0
2,1,21,382.0
2,1,22,395.0
2,1,23,404.0
2,1,24,421.0
2,2,0,43.0
2,2,1,22.0
2,2,3,17.0
2,2,4,37.0
2,2,5,65.0
2,2,6,79.0
2,2,7,105.0
2,2,8,130.0
2,2,9,151.0
2,2,10,166.0
2,2,11,181.0
2,2,12,198.0
2,2,13,220.0
2,2,14,247.0
2,2,15,268.0
2,2,16,281.0
2,2,17,298.0
2,2,18,315.0
2,2,19,326.0
2,2,20,350.0
2,2,21,361.0
2,2,22,373.0
2,2,23,383.0
2,2,24,400.0
2,3,0,60.0
2,3,1,39.0
2,3,2,17.0
2,3,4,20.0
2,3,5,47.0
2,3,6,61.0
2,3,7,88.0
2,3,8,113.0
2,3,9,135.0
2,3,10,149.0
2,3,11,165.0
2,3,12,181.0
2,3,13,203.0
2,3,14,230.0
2,3,15,252.0
2,3,16,264.0
2,3,17,281.0
2,3,18,299.0
2,3,19,309.0
2,3,20,333.0
2,3,21,344.0
2,3,22,357.0
2,3,23,367.0
2,3,24,383.0
2,4,0,80.0
2,4,1,60.0
2,4,2,37.0
2,4,3,20.0
2,4,5,27.0
2,4,6,41.0
2,4,7,68.0
2,4,8,93.0
2,4,9,115.0
2,4,10,130.0
2,4,11,145.0
2,4,12,162.0
2,4,13,184.0
2,4,14,211.0
2,4,15,232.0
2,4,16,244.0
2,4,17,261.0
2,4,18,279.0
2,4,19,290.0
2,4,20,314.0
2,4,21,324.0
2,4,22,337.0
2,4,23,347.0
2,4,24,364.0
2,5,0,108.0
2,5,1,87.0
2,5,2,65.0
2,5,3,47.0
2,5,4,27.0
2,5,6,14.0
2,5,7,42.0
2,5,8,68.0
2,5,9,90.0
2,5,10,106.0
2,5,11,121.0
2,5,12,137.0
2,5,13,158.0
2,5,14,185.0
2,5,15,206.0
2,5,16,218.0
2,5,17,235.0
2,5,18,252.0
2,5,19,263.0
2,5,20,288.0
2,5,21,299.0
2,5,22,311.0
2,5,23,322.0
2,5,24,338.0
2,6,0,122.0
2,6,1,101.0
2,6,2,79.0
2,6,3,61.0
2,6,4,41.0
2,6,5,14.0
2,6,7,27.0
2,6,8,53.0
2,6,9,76.0
2,6,10,91.0
2,6,11,107.0
2,6,12,123.0
2,6,13,144.0
2,6,14,170.0
2,6,15,191.0
2,6,16,204.0
2,6,17,220.0
2,6,18,238.0
2,6,19,249.0
2,6,20,273.0
2,6,21,284.0
2,6,22,297.0
2,6,23,307.0
2,6,24,323.0
2,7,0,148.0
2,7,1,127.0
2,7,2,105.0
2,7,3,88.0
2,7,4,68.0
2,7,5,42.0
2,7,6,27.0
2,7,8,25.0
2,7,9,48.0
2,7,10,63.0
2,7,11,79.0
2,7,12,95.0
2,7,13,116.0
2,7,14,143.0
2,7,15,163.0
2,7,16,176.0
2,7,17,193.0
2,7,18,210.0
2,7,19,221.0
2,7,20,245.0
2,7,21,256.0
2,7,22,269.0
2,7,23,279.0
2,7,24,296.0
2,8,0,172.0
2,8,1,152.0
2,8,2,130.0
2,8,3,113.0
2,8,4,93.0
2,8,5,68.0
2,8,6,53.0
2,8,7,25.0
2,8,9,22.0
2,8,10,38.0
2,8,11,53.0
2,8,12,69.0
2,8,13,90.0
2,8,14,117.0
2,8,15,138.0
2,8,16,151.0
2,8,17,168.0
2,8,18,185.0
2,8,19,196.0
2,8,20,220.0
2,8,21,231.0
2,8,22,243.0
2,8,23,253.0
2,8,24,270.0
2,9,0,193.0
2,9,1,173.0
2,9,2,151.0
2,9,3,135.0
2,9,4,115.0
2,9,5,90.0
2,9,6,76.0
2,9,7,48.0
2,9,8,22.0
2,9,10,15.0
2,9,11,31.0
2,9,12,46.0
2,9,13,68.0
2,9,14,95.0
2,9,15,117.0
2,9,16,130.0
2,9,17,147.0
2,9,18,164.0
2,9,19,175.0
2,9,20,198.0
2,9,21,209.0
2,9,22,221.0
2,9,23,231.0
2,9,24,248.0
2,10,0,207.0
2,10,1,187.0
2,10,2,166.0
2,10,3,149.0
2,10,4,130.0
2,10,5,106.0
2,10,6,91.0
2,10,7,63.0
2,10,8,38.0
2,10,9,15.0
2,10,11,15.0
2,10,12,31.0
2,10,13,53.0
2,10,14,81.0
2,10,15,103.0
2,10,16,116.0
2,10,17,133.0
2,10,18,150.0
2,10,19,161.0
2,10,20,184.0
2,10,21,194.0
2,10,22,207.0
2,10,23,217.0
2,10,24,233.0
2,11,0,222.0
2,11,1,202.0
2,11,2,181.0
2,11,3,165.0
2,11,4,145.0
2,11,5,121.0
2,11,6,107.0
2,11,7,79.0
2,11,8,53.0
2,11,9,31.0
2,11,10,15.0
2,11,12,16.0
2,11,13,39.0
2,11,14,67.0
2,11,15,89.0
2,11,16,102.0
2,11,17,120.0
2,11,18,136.0
2,11,19,147.0
2,11,20,169.0
2,11,21,180.0
2,11,22,192.0
2,11,23,202.0
2,11,24,219.0
2,12,0,239.0
2,12,1,219.0
2,12,2,198.0
2,12,3,181.0
2,12,4,162.0
2,12,5,137.0
2,12,6,123.0
2,12,7,95.0
2,12,8,69.0
2,12,9,46.0
2,12,10,31.0
2,12,11,16.0
2,12,13,23.0
2,12,14,51.0
2,12,15,73.0
2,12,16,86.0
2,12,17,103.0
2,12,18,120.0
2,12,19,130.0
2,12,20,153.0
2,12,21,163.0
2,12,22,176.0
2,12,23,185.0
2,12,24,202.0
2,13,0,261.0
2,13,1,241.0
2,13,2,220.0
2,13,3,203.0
2,13,4,184.0
2,13,5,158.0
2,13,6,144.0
2,13,7,116.0
2,13,8,90.0
2,13,9,68.0
2,13,10,53.0
2,13,11,39.0
2,13,12,23.0
2,13,14,28.0
2,13,15,50.0
2,13,16,63.0
2,13,17,80.0
2,13,18,97.0
2,13,19,107.0
2,13,20,130.0
2,13,21,141.0
2,13,22,153.0
2,13,23,163.0
2,13,24,180.0
2,14,0,289.0
2,14,1,269.0
2,14,2,247.0
2,14,3,230.0
2,14,4,211.0
2,14,5,185.0
2,14,6,170.0
2,14,7,143.0
2,14,8,117.0
2,14,9,95.0
2,14,10,81.0
2,14,11,67.0
2,14,12,51.0
2,14,13,28.0
2,14,15,21.0
2,14,16,35.0
2,14,17,52.0
2,14,18,69.0
2,14,19,79.0
2,14,20,102.0
2,14,21,113.0
2,14,22,126.0
2,14,23,136.0
2,14,24,153.0
2,15,0,310.0
2,15,1,290.0
2,15,2,268.0
2,15,3,252.0
2,15,4,232.0
2,15,5,206.0
2,15,6,191.0
2,15,7,163.0
2,15,8,138.0
2,15,9,117.0
2,15,10,103.0
2,15,11,89.0
2,15,12,73.0
2,15,13,50.0
2,15,14,21.0
2,15,16,13.0
2,15,17,30.0
2,15,18,47.0
2,15,19,58.0
2,15,20,81.0
2,15,21,92.0
2,15,22,105.0
2,15,23,116.0
2,15,24,132.0
2,16,0,323.0
2,16,1,303.0
2,16,2,281.0
2,16,3,264.0
2,16,4,244.0
2,16,5,218.0
2,16,6,204.0
2,16,7,176.0
2,16,8,151.0
2,16,9,130.0
2,16,10,116.0
2,16,11,102.0
2,16,12,86.0
2,16,13,63.0
2,16,14,35.0
2,16,15,13.0
2,16,17,17.0
2,16,18,34.0
2,16,19,45.0
2,16,20,69.0
2,16,21,80.0
2,16,22,93.0
2,16,23,104.0
2,16,24,121.0
2,17,0,340.0
2,17,1,320.0
2,17,2,298.0
2,17,3,281.0
2,17,4,261.0
2,17,5,235.0
2,17,6,220.0
2,17,7,193.0
2,17,8,168.0
2,17,9,147.0
2,17,10,133.0
2,17,11,120.0
2,17,12,103.0
2,17,13,80.0
2,17,14,52.0
2,17,15,30.0
2,17,16,17.0
2,17,18,17.0
2,17,19,28.0
2,17,20,53.0
2,17,21,65.0
2,17,22,78.0
2,17,23,88.0
2,17,24,105.0
2,18,0,358.0
2,18,1,337.0
2,18,2,315.0
2,18,3,299.0
2,18,4,279.0
2,18,5,252.0
2,18,6,238.0
2,18,7,210.0
2,18,8,185.0
2,18,9,164.0
2,18,10,150.0
2,18,11,136.0
2,18,12,120.0
2,18,13,97.0
2,18,14,69.0
2,18,15,47.0
2,18,16,34.0
2,18,17,17.0
2,18,19,11.0
2,18,20,36.0
2,18,21,48.0
2,18,22,61.0
2,18,23,72.0
2,18,24,88.0
2,19,0,368.0
2,19,1,348.0
2,19,2,326.0
2,19,3,309.0
2,19,4,290.0
2,19,5,263.0
2,19,6,249.0
2,19,7,221.0
2,19,8,196.0
2,19,9,175.0
2,19,10,161.0
2,19,11,147.0
2,19,12,130.0
2,19,13,107.0
2,19,14,79.0
2,19,15,58.0
2,19,16,45.0
2,19,17,28.0
2,19,18,11.0
2,19,20,25.0
2,19,21,37.0
2,19,22,49.0
2,19,23,60.0
2,19,24,77.0
2,20,0,392.0
2,20,1,371.0
2,20,2,350.0
2,20,3,333.0
2,20,4,314.0
2,20,5,288.0
2,20,6,273.0
2,20,7,245.0
2,20,8,220.0
2,20,9,198.0
2,20,10,184.0
2,20,11,169.0
2,20,12,153.0
2,20,13,130.0
2,20,14,102.0
2,20,15,81.0
2,20,16,69.0
2,20,17,53.0
2,20,18,36.0
2,20,19,25.0
2,20,21,11.0
2,20,22,24.0
2,20,23,35.0
2,20,24,51.0
2,21,0,402.0
2,21,1,382.0
2,21,2,361.0
2,21,3,344.0
2,21,4,324.0
2,21,5,299.0
2,21,6,284.0
2,21,7,256.0
2,21,8,231.0
2,21,9,209.0
2,21,10,194.0
2,21,11,180.0
2,21,12,163.0
2,21,13,141.0
2,21,14,113.0
2,21,15,92.0
2,21,16,80.0
2,21,17,65.0
2,21,18,48.0
2,21,19,37.0
2,21,20,11.0
2,21,22,12.0
2,21,23,23.0
2,21,24,40.0
2,22,0,415.0
2,22,1,395.0
2,22,2,373.0
2,22,3,357.0
2,22,4,337.0
2,22,5,311.0
2,22,6,297.0
2,22,7,269.0
2,22,8,243.0
2,22,9,221.0
2,22,10,207.0
2,22,11,192.0
2,22,12,176.0
2,22,13,153.0
2,22,14,126.0
2,22,15,105.0
2,22,16,93.0
2,22,17,78.0
2,22,18,61.0
2,22,19,49.0
2,22,20,24.0
2,22,21,12.0
2,22,23,11.0
2,22,24,27.0
2,23,0,425.0
2,23,1,404.0
2,23,2,383.0
2,23,3,367.0
2,23,4,347.0
2,23,5,322.0
2,23,6,307.0
2,23,7,279.0
2,23,8,253.0
2,23,9,231.0
2,23,10,217.0
2,23,11,202.0
2,23,12,185.0
2,23,13,163.0
2,23,14,136.0
2,23,15,116.0
2,23,16,104.0
2,23,17,88.0
2,23,18,72.0
2,23,19,60.0
2,23,20,35.0
2,23,21,23.0
2,23,22,11.0
2,23,24,16.0
2,24,0,441.0
2,24,1,421.0
2,24,2,400.0
2,24,3,383.0
2,24,4,364.0
2,24,5,338.0
2,24,6,323.0
2,24,7,296.0
2,24,8,270.0
2,24,9,248.0
2,24,10,233.0
2,24,11,219.0
2,24,12,202.0
2,24,13,180.0
2,24,14,153.0
2,24,15,132.0
2,24,16,121.0
2,24,17,105.0
2,24,18,88.0
2,24,19,77.0
2,24,20,51.0
2,24,21,40.0
2,24,22,27.0
2,24,23,16.0
4,0,1,16.0
4,0,2,31.0
4,0,3,52.0
4,0,4,64.0
4,0,5,77.0
4,0,6,95.0
4,0,7,106.0
4,0,8,118.0
4,0,9,128.0
4,0,10,146.0
4,0,11,156.0
4,0,12,174.0
4,0,13,202.0
4,0,14,214.0
4,0,15,226.0
4,0,16,240.0
4,0,17,253.0
4,0,18,270.0
4,0,19,286.0
4,0,20,295.0
4,0,21,315.0
4,0,22,322.0
4,0,23,332.0
4,0,24,342.0
4,1,0,16.0
4,1,2,14.0
4,1,3,36.0
4,1,4,47.0
4,1,5,60.0
4,1,6,79.0
4,1,7,90.0
4,1,8,102.0
4,1,9,112.0
4,1,10,131.0
4,1,11,140.0
4,1,12,159.0
4,1,13,187.0
4,1,14,199.0
4,1,15,211.0
4,1,16,225.0
4,1,17,237.0
4,1,18,254.0
4,1,19,270.0
4,1,20,279.0
4,1,21,299.0
4,1,22,306.0
4,1,23,317.0
4,1,24,327.0
4,2,0,31.0
4,2,1,14.0
4,2,3,21.0
4,2,4,33.0
4,2,5,46.0
4,2,6,64.0
4,2,7,76.0
4,2,8,88.0
4,2,9,98.0
4,2,10,117.0
4,2,11,127.0
4,2,12,146.0
4,2,13,173.0
4,2,14,185.0
4,2,15,197.0
4,2,16,211.0
4,2,17,223.0
4,2,18,240.0
4,2,19,256.0
4,2,20,265.0
4,2,21,285.0
4,2,22,293.0
4,2,23,303.0
4,2,24,313.0
4,3,0,52.0
4,3,1,36.0
4,3,2,21.0
4,3,4,12.0
4,3,5,24.0
4,3,6,43.0
4,3,7,54.0
4,3,8,67.0
4,3,9,77.0
4,3,10,96.0
4,3,11,107.0
4,3,12,125.0
4,3,13,152.0
4,3,14,164.0
4,3,15,175.0
4,3,16,189.0
4,3,17,202.0
4,3,18,218.0
4,3,19,235.0
4,3,20,244.0
4,3,21,264.0
4,3,22,271.0
4,3,23,282.0
4,3,24,292.0
4,4,0,64.0
4,4,1,47.0
4,4,2,33.0
4,4,3,12.0
4,4,5,12.0
4,4,6,32.0
4,4,7,44.0
4,4,8,58.0
4,4,9,68.0
4,4,10,88.0
4,4,11,98.0
4,4,12,116.0
4,4,13,143.0
4,4,14,154.0
4,4,15,165.0
4,4,16,179.0
4,4,17,192.0
4,4,18,208.0
4,4,19,225.0
4,4,20,234.0
4,4,21,255.0
4,4,22,262.0
4,4,23,272.0
4,4,24,283.0
4,5,0,77.0
4,5,1,60.0
4,5,2,46.0
4,5,3,24.0
4,5,4,12.0
4,5,6,19.0
4,5,7,32.0
4,5,8,46.0
4,5,9,56.0
4,5,10,76.0
4,5,11,87.0
4,5,12,104.0
4,5,13,130.0
4,5,14,141.0
4,5,15,152.0
4,5,16,166.0
4,5,17,179.0
4,5,18,195.0
4,5,19,212.0
4,5,20,221.0
4,5,21,242.0
4,5,22,249.0
4,5,23,260.0
4,5,24,270.0
4,6,0,95.0
4,6,1,79.0
4,6,2,64.0
4,6,3,43.0
4,6,4,32.0
4,6,5,19.0
4,6,7,13.0
4,6,8,27.0
4,6,9,37.0
4,6,10,57.0
4,6,11,68.0
4,6,12,85.0
4,6,13,111.0
4,6,14,122.0
4,6,15,133.0
4,6,16,147.0
4,6,17,160.0
4,6,18,176.0
4,6,19,192.0
4,6,20,202.0
4,6,21,222.0
4,6,22,230.0
4,6,23,240.0
4,6,24,251.0
4,7,0,106.0
4,7,1,90.0
4,7,2,76.0
4,7,3,54.0
4,7,4,44.0
4,7,5,32.0
4,7,6,13.0
4,7,8,14.0
4,7,9,24.0
4,7,10,44.0
4,7,11,55.0
4,7,12,72.0
4,7,13,98.0
4,7,14,109.0
4,7,15,121.0
4,7,16,135.0
4,7,17,147.0
4,7,18,164.0
4,7,19,180.0
4,7,20,189.0
4,7,21,210.0
4,7,22,217.0
4,7,23,228.0
4,7,24,238.0
4,8,0,118.0
4,8,1,102.0
4,8,2,88.0
4,8,3,67.0
4,8,4,58.0
4,8,5,46.0
4,8,6,27.0
4,8,7,14.0
4,8,9,10.0
4,8,10,30.0
4,8,11,41.0
4,8,12,58.0
4,8,13,85.0
4,8,14,96.0
4,8,15,108.0
4,8,16,122.0
4,8,17,134.0
4,8,18,151.0
4,8,19,167.0
4,8,20,176.0
4,8,21,197.0
4,8,22,204.0
4,8,23,214.0
4,8,24,225.0
4,9,0,128.0
4,9,1,112.0
4,9,2,98.0
4,9,3,77.0
4,9,4,68.0
4,9,5,56.0
4,9,6,37.0
4,9,7,24.0
4,9,8,10.0
4,9,10,20.0
4,9,11,31.0
4,9,12,48.0
4,9,13,75.0
4,9,14,86.0
4,9,15,98.0
4,9,16,112.0
4,9,17,125.0
4,9,18,141.0
4,9,19,158.0
4,9,20,167.0
4,9,21,187.0
4,9,22,194.0
4,9,23,205.0
4,9,24,215.0
4,10,0,146.0
4,10,1,131.0
4,10,2,117.0
4,10,3,96.0
4,10,4,88.0
4,10,5,76.0
4,10,6,57.0
4,10,7,44.0
4,10,8,30.0
4,10,9,20.0
4,10,11,11.0
4,10,12,28.0
4,10,13,56.0
4,10,14,68.0
4,10,15,81.0
4,10,16,95.0
4,10,17,107.0
4,10,18,124.0
4,10,19,140.0
4,10,20,148.0
4,10,21,168.0
4,10,22,175.0
4,10,23,186.0
4,10,24,196.0
4,11,0,156.0
4,11,1,140.0
4,11,2,127.0
4,11,3,107.0
4,11,4,98.0
4,11,5,87.0
4,11,6,68.0
4,11,7,55.0
4,11,8,41.0
4,11,9,31.0
4,11,10,11.0
4,11,12,19.0
4,11,13,47.0
4,11,14,60.0
4,11,15,73.0
4,11,16,86.0
4,11,17,99.0
4,11,18,115.0
4,11,19,131.0
4,11,20,139.0
4,11,21,159.0
4,11,22,166.0
4,11,23,176.0
4,11,24,186.0
4,12,0,174.0
4,12,1,159.0
4,12,2,146.0
4,12,3,125.0
4,12,4,116.0
4,12,5,104.0
4,12,6,85.0
4,12,7,72.0
4,12,8,58.0
4,12,9,48.0
4,12,10,28.0
4,12,11,19.0
4,12,13,28.0
4,12,14,41.0
4,12,15,54.0
4,12,16,68.0
4,12,17,81.0
4,12,18,96.0
4,12,19,112.0
4,12,20,120.0
4,12,21,140.0
4,12,22,147.0
4,12,23,158.0
4,12,24,167.0
4,13,0,202.0
4,13,1,187.0
4,13,2,173.0
4,13,3,152.0
4,13,4,143.0
4,13,5,130.0
4,13,6,111.0
4,13,7,98.0
4,13,8,85.0
4,13,9,75.0
4,13,10,56.0
4,13,11,47.0
4,13,12,28.0
4,13,14,13.0
4,13,15,26.0
4,13,16,39.0
4,13,17,52.0
4,13,18,68.0
4,13,19,84.0
4,13,20,92.0
4,13,21,112.0
4,13,22,119.0
4,13,23,129.0
4,13,24,140.0
4,14,0,214.0
4,14,1,199.0
4,14,2,185.0
4,14,3,164.0
4,14,4,154.0
4,14,5,141.0
4,14,6,122.0
4,14,7,109.0
4,14,8,96.0
4,14,9,86.0
4,14,10,68.0
4,14,11,60.0
4,14,12,41.0
4,14,13,13.0
4,14,15,13.0
4,14,16,26.0
4,14,17,39.0
4,14,18,55.0
4,14,19,71.0
4,14,20,80.0
4,14,21,100.0
4,14,22,107.0
4,14,23,118.0
4,14,24,128.0
4,15,0,226.0
4,15,1,211.0
4,15,2,197.0
4,15,3,175.0
4,15,4,165.0
4,15,5,152.0
4,15,6,133.0
4,15,7,121.0
4,15,8,108.0
4,15,9,98.0
4,15,10,81.0
4,15,11,73.0
4,15,12,54.0
4,15,13,26.0
4,15,14,13.0
4,15,16,14.0
4,15,17,26.0
4,15,18,43.0
4,15,19,59.0
4,15,20,68.0
4,15,21,89.0
4,15,22,96.0
4,15,23,107.0
4,15,24,118.0
4,16,0,240.0
4,16,1,225.0
4,16,2,211.0
4,16,3,189.0
4,16,4,179.0
4,16,5,166.0
4,16,6,147.0
4,16,7,135.0
4,16,8,122.0
4,16,9,112.0
4,16,10,95.0
4,16,11,86.0
4,16,12,68.0
4,16,13,39.0
4,16,14,26.0
4,16,15,14.0
4,16,17,12.0
4,16,18,29.0
4,16,19,45.0
4,16,20,54.0
4,16,21,75.0
4,16,22,83.0
4,16,23,93.0
4,16,24,104.0
4,17,0,253.0
4,17,1,237.0
4,17,2,223.0
4,17,3,202.0
4,17,4,192.0
4,17,5,179.0
4,17,6,160.0
4,17,7,147.0
4,17,8,134.0
4,17,9,125.0
4,17,10,107.0
4,17,11,99.0
4,17,12,81.0
4,17,13,52.0
4,17,14,39.0
4,17,15,26.0
4,17,16,12.0
4,17,18,16.0
4,17,19,32.0
4,17,20,42.0
4,17,21,63.0
4,17,22,71.0
4,17,23,81.0
4,17,24,92.0
4,18,0,270.0
4,18,1,254.0
4,18,2,240.0
4,18,3,218.0
4,18,4,208.0
4,18,5,195.0
4,18,6,176.0
4,18,7,164.0
4,18,8,151.0
4,18,9,141.0
4,18,10,124.0
4,18,11,115.0
4,18,12,96.0
4,18,13,68.0
4,18,14,55.0
4,18,15,43.0
4,18,16,29.0
4,18,17,16.0
4,18,19,16.0
4,18,20,26.0
4,18,21,47.0
4,18,22,55.0
4,18,23,65.0
4,18,24,76.0
4,19,0,286.0
4,19,1,270.0
4,19,2,256.0
4,19,3,235.0
4,19,4,225.0
4,19,5,212.0
4,19,6,192.0
4,19,7,180.0
4,19,8,167.0
4,19,9,158.0
4,19,10,140.0
4,19,11,131.0
4,19,12,112.0
4,19,13,84.0
4,19,14,71.0
4,19,15,59.0
4,19,16,45.0
4,19,17,32.0
4,19,18,16.0
4,19,20,11.0
4,19,21,31.0
4,19,22,39.0
4,19,23,49.0
4,19,24,60.0
4,20,0,295.0
4,20,1,279.0
4,20,2,265.0
4,20,3,244.0
4,20,4,234.0
4,20,5,221.0
4,20,6,202.0
4,20,7,189.0
4,20,8,176.0
4,20,9,167.0
4,20,10,148.0
4,20,11,139.0
4,20,12,120.0
4,20,13,92.0
4,20,14,80.0
4,20,15,68.0
4,20,16,54.0
4,20,17,42.0
4,20,18,26.0
4,20,19,11.0
4,20,21,20.0
4,20,22,28.0
4,20,23,38.0
4,20,24,49.0
4,21,0,315.0
4,21,1,299.0
4,21,2,285.0
4,21,3,264.0
4,21,4,255.0
4,21,5,242.0
4,21,6,222.0
4,21,7,210.0
4,21,8,197.0
4,21,9,187.0
4,21,10,168.0
4,21,11,159.0
4,21,12,140.0
4,21,13,112.0
4,21,14,100.0
4,21,15,89.0
4,21,16,75.0
4,21,17,63.0
4,21,18,47.0
4,21,19,31.0
4,21,20,20.0
4,21,22,7.0
4,21,23,17.0
4,21,24,28.0
4,22,0,322.0
4,22,1,306.0
4,22,2,293.0
4,22,3,271.0
4,22,4,262.0
4,22,5,249.0
4,22,6,230.0
4,22,7,217.0
4,22,8,204.0
4,22,9,194.0
4,22,10,175.0
4,22,11,166.0
4,22,12,147.0
4,22,13,119.0
4,22,14,107.0
4,22,15,96.0
4,22,16,83.0
4,22,17,71.0
4,22,18,55.0
4,22,19,39.0
4,22,20,28.0
4,22,21,7.0
4,22,23,10.0
4,22,24,21.0
4,23,0,332.0
4,23,1,317.0
4,23,2,303.0
4,23,3,282.0
4,23,4,272.0
4,23,5,260.0
4,23,6,240.0
4,23,7,228.0
4,23,8,214.0
4,23,9,205.0
4,23,10,186.0
4,23,11,176.0
4,23,12,158.0
4,23,13,129.0
4,23,14,118.0
4,23,15,107.0
4,23,16,93.0
4,23,17,81.0
4,23,18,65.0
4,23,19,49.0
4,23,20,38.0
4,23,21,17.0
4,23,22,10.0
4,23,24,11.0
4,24,0,342.0
4,24,1,327.0
4,24,2,313.0
4,24,3,292.0
4,24,4,283.0
4,24,5,270.0
4,24,6,251.0
4,24,7,238.0
4,24,8,225.0
4,24,9,215.0
4,24,10,196.0
4,24,11,186.0
4,24,12,167.0
4,24,13,140.0
4,24,14,128.0
4,24,15,118.0
4,24,16,104.0
4,24,17,92.0
4,24,18,76.0
4,24,19,60.0
4,24,20,49.0
4,24,21,28.0
4,24,22,21.0
4,24,23,11.0
1,0,1,18.0
1,0,2,38.0
1,0,3,57.0
1,0,4,78.0
1,0,5,94.0
1,0,6,110.0
1,0,7,117.0
1,0,8,134.0
1,0,9,152.0
1,0,10,170.0
1,0,11,182.0
1,0,12,199.0
1,0,13,217.0
1,0,14,237.0
1,0,15,257.0
1,0,16,272.0
1,0,17,285.0
1,0,18,300.0
1,0,19,318.0
1,0,20,340.0
1,0,21,365.0
1,0,22,376.0
1,0,23,395.0
1,0,24,406.0
1,1,0,18.0
1,1,2,19.0
1,1,3,38.0
1,1,4,60.0
1,1,5,75.0
1,1,6,91.0
1,1,7,98.0
1,1,8,115.0
1,1,9,134.0
1,1,10,151.0
1,1,11,163.0
1,1,12,180.0
1,1,13,198.0
1,1,14,219.0
1,1,15,239.0
1,1,16,254.0
1,1,17,267.0
1,1,18,281.0
1,1,19,300.0
1,1,20,321.0
1,1,21,346.0
1,1,22,358.0
1,1,23,377.0
1,1,24,388.0
1,2,0,38.0
1,2,1,19.0
1,2,3,19.0
1,2,4,40.0
1,2,5,56.0
1,2,6,72.0
1,2,7,79.0
1,2,8,96.0
1,2,9,115.0
1,2,10,133.0
1,2,11,145.0
1,2,12,162.0
1,2,13,180.0
1,2,14,200.0
1,2,15,220.0
1,2,16,235.0
1,2,17,248.0
1,2,18,262.0
1,2,19,281.0
1,2,20,302.0
1,2,21,328.0
1,2,22,339.0
1,2,23,358.0
1,2,24,369.0
1,3,0,57.0
1,3,1,38.0
1,3,2,19.0
1,3,4,21.0
1,3,5,36.0
1,3,6,53.0
1,3,7,60.0
1,3,8,78.0
1,3,9,96.0
1,3,10,114.0
1,3,11,126.0
1,3,12,143.0
1,3,13,161.0
1,3,14,181.0
1,3,15,201.0
1,3,16,216.0
1,3,17,229.0
1,3,18,243.0
1,3,19,262.0
1,3,20,283.0
1,3,21,309.0
1,3,22,320.0
1,3,23,340.0
1,3,24,350.0
1,4,0,78.0
1,4,1,60.0
1,4,2,40.0
1,4,3,21.0
1,4,5,15.0
1,4,6,31.0
1,4,7,39.0
1,4,8,57.0
1,4,9,76.0
1,4,10,94.0
1,4,11,106.0
1,4,12,123.0
1,4,13,140.0
1,4,14,160.0
1,4,15,180.0
1,4,16,195.0
1,4,17,208.0
1,4,18,222.0
1,4,19,241.0
1,4,20,262.0
1,4,21,288.0
1,4,22,299.0
1,4,23,319.0
1,4,24,329.0
1,5,0,94.0
1,5,1,75.0
1,5,2,56.0
1,5,3,36.0
1,5,4,15.0
1,5,6,16.0
1,5,7,24.0
1,5,8,42.0
1,5,9,61.0
1,5,10,79.0
1,5,11,91.0
1,5,12,108.0
1,5,13,125.0
1,5,14,145.0
1,5,15,165.0
1,5,16,179.0
1,5,17,192.0
1,5,18,207.0
1,5,19,225.0
1,5,20,247.0
1,5,21,272.0
1,5,22,284.0
1,5,23,303.0
1,5,24,314.0
1,6,0,110.0
1,6,1,91.0
1,6,2,72.0
1,6,3,53.0
1,6,4,31.0
1,6,5,16.0
1,6,7,8.0
1,6,8,25.0
1,6,9,44.0
1,6,10,62.0
1,6,11,74.0
1,6,12,91.0
1,6,13,109.0
1,6,14,129.0
1,6,15,148.0
1,6,16,163.0
1,6,17,176.0
1,6,18,190.0
1,6,19,209.0
1,6,20,230.0
1,6,21,256.0
1,6,22,268.0
1,6,23,287.0
1,6,24,298.0
1,7,0,117.0
1,7,1,98.0
1,7,2,79.0
1,7,3,60.0
1,7,4,39.0
1,7,5,24.0
1,7,6,8.0
1,7,8,17.0
1,7,9,36.0
1,7,10,54.0
1,7,11,66.0
1,7,12,83.0
1,7,13,101.0
1,7,14,121.0
1,7,15,140.0
1,7,16,155.0
1,7,17,168.0
1,7,18,183.0
1,7,19,201.0
1,7,20,223.0
1,7,21,248.0
1,7,22,260.0
1,7,23,279.0
1,7,24,290.0
1,8,0,134.0
1,8,1,115.0
1,8,2,96.0
1,8,3,78.0
1,8,4,57.0
1,8,5,42.0
1,8,6,25.0
1,8,7,17.0
1,8,9,19.0
1,8,10,36.0
1,8,11,49.0
1,8,12,66.0
1,8,13,83.0
1,8,14,103.0
1,8,15,123.0
1,8,16,138.0
1,8,17,151.0
1,8,18,165.0
1,8,19,184.0
1,8,20,205.0
1,8,21,231.0
1,8,22,242.0
1,8,23,262.0
1,8,24,272.0
1,9,0,152.0
1,9,1,134.0
1,9,2,115.0
1,9,3,96.0
1,9,4,76.0
1,9,5,61.0
1,9,6,44.0
1,9,7,36.0
1,9,8,19.0
1,9,10,17.0
1,9,11,30.0
1,9,12,47.0
1,9,13,64.0
1,9,14,84.0
1,9,15,104.0
1,9,16,119.0
1,9,17,132.0
1,9,18,147.0
1,9,19,165.0
1,9,20,187.0
1,9,21,212.0
1,9,22,224.0
1,9,23,243.0
1,9,24,253.0
1,10,0,170.0
1,10,1,151.0
1,10,2,133.0
1,10,3,114.0
1,10,4,94.0
1,10,5,79.0
1,10,6,62.0
1,10,7,54.0
1,10,8,36.0
1,10,9,17.0
1,10,11,12.0
1,10,12,29.0
1,10,13,46.0
1,10,14,67.0
1,10,15,87.0
1,10,16,102.0
1,10,17,115.0
1,10,18,130.0
1,10,19,148.0
1,10,20,169.0
1,10,21,194.0
1,10,22,206.0
1,10,23,225.0
1,10,24,236.0
1,11,0,182.0
1,11,1,163.0
1,11,2,145.0
1,11,3,126.0
1,11,4,106.0
1,11,5,91.0
1,11,6,74.0
1,11,7,66.0
1,11,8,49.0
1,11,9,30.0
1,11,10,12.0
1,11,12,17.0
1,11,13,35.0
1,11,14,55.0
1,11,15,75.0
1,11,16,91.0
1,11,17,104.0
1,11,18,118.0
1,11,19,137.0
1,11,20,158.0
1,11,21,182.0
1,11,22,194.0
1,11,23,213.0
1,11,24,224.0
1,12,0,199.0
1,12,1,180.0
1,12,2,162.0
1,12,3,143.0
1,12,4,123.0
1,12,5,108.0
1,12,6,91.0
1,12,7,83.0
1,12,8,66.0
1,12,9,47.0
1,12,10,29.0
1,12,11,17.0
1,12,13,18.0
1,12,14,39.0
1,12,15,59.0
1,12,16,74.0
1,12,17,87.0
1,12,18,102.0
1,12,19,120.0
1,12,20,141.0
1,12,21,165.0
1,12,22,177.0
1,12,23,196.0
1,12,24,207.0
1,13,0,217.0
1,13,1,198.0
1,13,2,180.0
1,13,3,161.0
1,13,4,140.0
1,13,5,125.0
1,13,6,109.0
1,13,7,101.0
1,13,8,83.0
1,13,9,64.0
1,13,10,46.0
1,13,11,35.0
1,13,12,18.0
1,13,14,20.0
1,13,15,40.0
1,13,16,55.0
1,13,17,69.0
1,13,18,83.0
1,13,19,101.0
1,13,20,122.0
1,13,21,147.0
1,13,22,159.0
1,13,23,178.0
1,13,24,189.0
1,14,0,237.0
1,14,1,219.0
1,14,2,200.0
1,14,3,181.0
1,14,4,160.0
1,14,5,145.0
1,14,6,129.0
1,14,7,121.0
1,14,8,103.0
1,14,9,84.0
1,14,10,67.0
1,14,11,55.0
1,14,12,39.0
1,14,13,20.0
1,14,15,19.0
1,14,16,35.0
1,14,17,48.0
1,14,18,63.0
1,14,19,81.0
1,14,20,102.0
1,14,21,127.0
1,14,22,139.0
1,14,23,158.0
1,14,24,169.0
1,15,0,257.0
1,15,1,239.0
1,15,2,220.0
1,15,3,201.0
1,15,4,180.0
1,15,5,165.0
1,15,6,148.0
1,15,7,140.0
1,15,8,123.0
1,15,9,104.0
1,15,10,87.0
1,15,11,75.0
1,15,12,59.0
1,15,13,40.0
1,15,14,19.0
1,15,16,15.0
1,15,17,28.0
1,15,18,43.0
1,15,19,61.0
1,15,20,82.0
1,15,21,107.0
1,15,22,119.0
1,15,23,138.0
1,15,24,149.0
1,16,0,272.0
1,16,1,254.0
1,16,2,235.0
1,16,3,216.0
1,16,4,195.0
1,16,5,179.0
1,16,6,163.0
1,16,7,155.0
1,16,8,138.0
1,16,9,119.0
1,16,10,102.0
1,16,11,91.0
1,16,12,74.0
1,16,13,55.0
1,16,14,35.0
1,16,15,15.0
1,16,17,13.0
1,16,18,27.0
1,16,19,46.0
1,16,20,67.0
1,16,21,93.0
1,16,22,105.0
1,16,23,124.0
1,16,24,135.0
1,17,0,285.0
1,17,1,267.0
1,17,2,248.0
1,17,3,229.0
1,17,4,208.0
1,17,5,192.0
1,17,6,176.0
1,17,7,168.0
1,17,8,151.0
1,17,9,132.0
1,17,10,115.0
1,17,11,104.0
1,17,12,87.0
1,17,13,69.0
1,17,14,48.0
1,17,15,28.0
1,17,16,13.0
1,17,18,14.0
1,17,19,33.0
1,17,20,54.0
1,17,21,80.0
1,17,22,92.0
1,17,23,111.0
1,17,24,122.0
1,18,0,300.0
1,18,1,281.0
1,18,2,262.0
1,18,3,243.0
1,18,4,222.0
1,18,5,207.0
1,18,6,190.0
1,18,7,183.0
1,18,8,165.0
1,18,9,147.0
1,18,10,130.0
1,18,11,118.0
1,18,12,102.0
1,18,13,83.0
1,18,14,63.0
1,18,15,43.0
1,18,16,27.0
1,18,17,14.0
1,18,19,18.0
1,18,20,40.0
1,18,21,66.0
1,18,22,78.0
1,18,23,97.0
1,18,24,108.0
1,19,0,318.0
1,19,1,300.0
1,19,2,281.0
1,19,3,262.0
1,19,4,241.0
1,19,5,225.0
1,19,6,209.0
1,19,7,201.0
1,19,8,184.0
1,19,9,165.0
1,19,10,148.0
1,19,11,137.0
1,19,12,120.0
1,19,13,101.0
1,19,14,81.0
1,19,15,61.0
1,19,16,46.0
1,19,17,33.0
1,19,18,18.0
1,19,20,22.0
1,19,21,48.0
1,19,22,60.0
1,19,23,79.0
1,19,24,90.0
1,20,0,340.0
1,20,1,321.0
1,20,2,302.0
1,20,3,283.0
1,20,4,262.0
1,20,5,247.0
1,20,6,230.0
1,20,7,223.0
1,20,8,205.0
1,20,9,187.0
1,20,10,169.0
1,20,11,158.0
1,20,12,141.0
1,20,13,122.0
1,20,14,102.0
1,20,15,82.0
1,20,16,67.0
1,20,17,54.0
1,20,18,40.0
1,20,19,22.0
1,20,21,25.0
1,20,22,38.0
1,20,23,57.0
1,20,24,68.0
1,21,0,365.0
1,21,1,346.0
1,21,2,328.0
1,21,3,309.0
1,21,4,288.0
1,21,5,272.0
1,21,6,256.0
1,21,7,248.0
1,21,8,231.0
1,21,9,212.0
1,21,10,194.0
1,21,11,182.0
1,21,12,165.0
1,21,13,147.0
1,21,14,127.0
1,21,15,107.0
1,21,16,93.0
1,21,17,80.0
1,21,18,66.0
1,21,19,48.0
1,21,20,25.0
1,21,22,12.0
1,21,23,31.0
1,21,24,42.0
1,22,0,376.0
1,22,1,358.0
1,22,2,339.0
1,22,3,320.0
1,22,4,299.0
1,22,5,284.0
1,22,6,268.0
1,22,7,260.0
1,22,8,242.0
1,22,9,224.0
1,22,10,206.0
1,22,11,194.0
1,22,12,177.0
1,22,13,159.0
1,22,14,139.0
1,22,15,119.0
1,22,16,105.0
1,22,17,92.0
1,22,18,78.0
1,22,19,60.0
1,22,20,38.0
1,22,21,12.0
1,22,23,19.0
1,22,24,30.0
1,23,0,395.0
1,23,1,377.0
1,23,2,358.0
1,23,3,340.0
1,23,4,319.0
1,23,5,303.0
1,23,6,287.0
1,23,7,279.0
1,23,8,262.0
1,23,9,243.0
1,23,10,225.0
1,23,11,213.0
1,23,12,196.0
1,23,13,178.0
1,23,14,158.0
1,23,15,138.0
1,23,16,124.0
1,23,17,111.0
1,23,18,97.0
1,23,19,79.0
1,23,20,57.0
1,23,21,31.0
1,23,22,19.0
1,23,24,11.0
1,24,0,406.0
1,24,1,388.0
1,24,2,369.0
1,24,3,350.0
1,24,4,329.0
1,24,5,314.0
1,24,6,298.0
1,24,7,290.0
1,24,8,272.0
1,24,9,253.0
1,24,10,236.0
1,24,11,224.0
1,24,12,207.0
1,24,13,189.0
1,24,14,169.0
1,24,15,149.0
1,24,16,135.0
1,24,17,122.0
1,24,18,108.0
1,24,19,90.0
1,24,20,68.0
1,24,21,42.0
1,24,22,30.0
1,24,23,11.0
3,0,1,12.0
3,0,2,27.0
3,0,3,47.0
3,0,4,59.0
3,0,5,79.0
3,0,6,94.0
3,0,7,111.0
3,0,8,122.0
3,0,9,137.0
3,0,10,153.0
3,0,11,173.0
3,0,12,195.0
3,0,13,222.0
3,0,14,237.0
3,0,15,260.0
3,0,16,271.0
3,0,17,285.0
3,0,18,303.0
3,0,19,318.0
3,0,20,334.0
3,0,21,350.0
3,0,22,362.0
3,0,23,368.0
3,0,24,389.0
3,1,0,12.0
3,1,2,14.0
3,1,3,34.0
3,1,4,46.0
3,1,5,66.0
3,1,6,82.0
3,1,7,99.0
3,1,8,109.0
3,1,9,125.0
3,1,10,141.0
3,1,11,162.0
3,1,12,183.0
3,1,13,210.0
3,1,14,226.0
3,1,15,249.0
3,1,16,259.0
3,1,17,273.0
3,1,18,291.0
3,1,19,306.0
3,1,20,323.0
3,1,21,339.0
3,1,22,351.0
3,1,23,357.0
3,1,24,377.0
3,2,0,27.0
3,2,1,14.0
3,2,3,20.0
3,2,4,32.0
3,2,5,52.0
3,2,6,68.0
3,2,7,85.0
3,2,8,96.0
3,2,9,111.0
3,2,10,128.0
3,2,11,149.0
3,2,12,171.0
3,2,13,198.0
3,2,14,213.0
3,2,15,236.0
3,2,16,247.0
3,2,17,260.0
3,2,18,278.0
3,2,19,293.0
3,2,20,310.0
3,2,21,326.0
3,2,22,338.0
3,2,23,344.0
3,2,24,365.0
3,3,0,47.0
3,3,1,34.0
3,3,2,20.0
3,3,4,12.0
3,3,5,32.0
3,3,6,48.0
3,3,7,65.0
3,3,8,76.0
3,3,9,92.0
3,3,10,109.0
3,3,11,130.0
3,3,12,152.0
3,3,13,179.0
3,3,14,194.0
3,3,15,217.0
3,3,16,227.0
3,3,17,241.0
3,3,18,259.0
3,3,19,274.0
3,3,20,290.0
3,3,21,307.0
3,3,22,318.0
3,3,23,325.0
3,3,24,346.0
3,4,0,59.0
3,4,1,46.0
3,4,2,32.0
3,4,3,12.0
3,4,5,20.0
3,4,6,35.0
3,4,7,52.0
3,4,8,63.0
3,4,9,80.0
3,4,10,96.0
3,4,11,118.0
3,4,12,140.0
3,4,13,167.0
3,4,14,182.0
3,4,15,205.0
3,4,16,215.0
3,4,17,229.0
3,4,18,247.0
3,4,19,261.0
3,4,20,278.0
3,4,21,294.0
3,4,22,306.0
3,4,23,313.0
3,4,24,333.0
3,5,0,79.0
3,5,1,66.0
3,5,2,52.0
3,5,3,32.0
3,5,4,20.0
3,5,6,15.0
3,5,7,32.0
3,5,8,43.0
3,5,9,60.0
3,5,10,77.0
3,5,11,99.0
3,5,12,121.0
3,5,13,148.0
3,5,14,163.0
3,5,15,185.0
3,5,16,195.0
3,5,17,209.0
3,5,18,227.0
3,5,19,241.0
3,5,20,258.0
3,5,21,275.0
3,5,22,286.0
3,5,23,293.0
3,5,24,314.0
3,6,0,94.0
3,6,1,82.0
3,6,2,68.0
3,6,3,48.0
3,6,4,35.0
3,6,5,15.0
3,6,7,17.0
3,6,8,28.0
3,6,9,45.0
3,6,10,61.0
3,6,11,84.0
3,6,12,106.0
3,6,13,133.0
3,6,14,147.0
3,6,15,169.0
3,6,16,180.0
3,6,17,193.0
3,6,18,211.0
3,6,19,226.0
3,6,20,243.0
3,6,21,259.0
3,6,22,271.0
3,6,23,277.0
3,6,24,298.0
3,7,0,111.0
3,7,1,99.0
3,7,2,85.0
3,7,3,65.0
3,7,4,52.0
3,7,5,32.0
3,7,6,17.0
3,7,8,11.0
3,7,9,28.0
3,7,10,45.0
3,7,11,67.0
3,7,12,90.0
3,7,13,116.0
3,7,14,131.0
3,7,15,152.0
3,7,16,163.0
3,7,17,176.0
3,7,18,194.0
3,7,19,209.0
3,7,20,225.0
3,7,21,242.0
3,7,22,254.0
3,7,23,260.0
3,7,24,281.0
3,8,0,122.0
3,8,1,109.0
3,8,2,96.0
3,8,3,76.0
3,8,4,63.0
3,8,5,43.0
3,8,6,28.0
3,8,7,11.0
3,8,9,17.0
3,8,10,33.0
3,8,11,56.0
3,8,12,78.0
3,8,13,105.0
3,8,14,119.0
3,8,15,141.0
3,8,16,151.0
3,8,17,165.0
3,8,18,183.0
3,8,19,197.0
3,8,20,214.0
3,8,21,231.0
3,8,22,243.0
3,8,23,249.0
3,8,24,270.0
3,9,0,137.0
3,9,1,125.0
3,9,2,111.0
3,9,3,92.0
3,9,4,80.0
3,9,5,60.0
3,9,6,45.0
3,9,7,28.0
3,9,8,17.0
3,9,10,16.0
3,9,11,39.0
3,9,12,61.0
3,9,13,88.0
3,9,14,102.0
3,9,15,125.0
3,9,16,135.0
3,9,17,149.0
3,9,18,167.0
3,9,19,181.0
3,9,20,198.0
3,9,21,214.0
3,9,22,226.0
3,9,23,232.0
3,9,24,253.0
3,10,0,153.0
3,10,1,141.0
3,10,2,128.0
3,10,3,109.0
3,10,4,96.0
3,10,5,77.0
3,10,6,61.0
3,10,7,45.0
3,10,8,33.0
3,10,9,16.0
3,10,11,22.0
3,10,12,45.0
3,10,13,71.0
3,10,14,85.0
3,10,15,108.0
3,10,16,118.0
3,10,17,132.0
3,10,18,150.0
3,10,19,165.0
3,10,20,181.0
3,10,21,198.0
3,10,22,209.0
3,10,23,216.0
3,10,24,237.0
3,11,0,173.0
3,11,1,162.0
3,11,2,149.0
3,11,3,130.0
3,11,4,118.0
3,11,5,99.0
3,11,6,84.0
3,11,7,67.0
3,11,8,56.0
3,11,9,39.0
3,11,10,22.0
3,11,12,22.0
3,11,13,49.0
3,11,14,64.0
3,11,15,87.0
3,11,16,97.0
3,11,17,111.0
3,11,18,129.0
3,11,19,144.0
3,11,20,160.0
3,11,21,177.0
3,11,22,188.0
3,11,23,194.0
3,11,24,215.0
3,12,0,195.0
3,12,1,183.0
3,12,2,171.0
3,12,3,152.0
3,12,4,140.0
3,12,5,121.0
3,12,6,106.0
3,12,7,90.0
3,12,8,78.0
3,12,9,61.0
3,12,10,45.0
3,12,11,22.0
3,12,13,26.0
3,12,14,42.0
3,12,15,66.0
3,12,16,77.0
3,12,17,91.0
3,12,18,109.0
3,12,19,124.0
3,12,20,140.0
3,12,21,155.0
3,12,22,167.0
3,12,23,173.0
3,12,24,194.0
3,13,0,222.0
3,13,1,210.0
3,13,2,198.0
3,13,3,179.0
3,13,4,167.0
3,13,5,148.0
3,13,6,133.0
3,13,7,116.0
3,13,8,105.0
3,13,9,88.0
3,13,10,71.0
3,13,11,49.0
3,13,12,26.0
3,13,14,16.0
3,13,15,40.0
3,13,16,51.0
3,13,17,66.0
3,13,18,84.0
3,13,19,98.0
3,13,20,114.0
3,13,21,129.0
3,13,22,140.0
3,13,23,147.0
3,13,24,167.0
3,14,0,237.0
3,14,1,226.0
3,14,2,213.0
3,14,3,194.0
3,14,4,182.0
3,14,5,163.0
3,14,6,147.0
3,14,7,131.0
3,14,8,119.0
3,14,9,102.0
3,14,10,85.0
3,14,11,64.0
3,14,12,42.0
3,14,13,16.0
3,14,15,24.0
3,14,16,35.0
3,14,17,49.0
3,14,18,67.0
3,14,19,82.0
3,14,20,97.0
3,14,21,113.0
3,14,22,124.0
3,14,23,131.0
3,14,24,151.0
3,15,0,260.0
3,15,1,249.0
3,15,2,236.0
3,15,3,217.0
3,15,4,205.0
3,15,5,185.0
3,15,6,169.0
3,15,7,152.0
3,15,8,141.0
3,15,9,125.0
3,15,10,108.0
3,15,11,87.0
3,15,12,66.0
3,15,13,40.0
3,15,14,24.0
3,15,16,11.0
3,15,17,25.0
3,15,18,43.0
3,15,19,58.0
3,15,20,74.0
3,15,21,90.0
3,15,22,101.0
3,15,23,107.0
3,15,24,128.0
3,16,0,271.0
3,16,1,259.0
3,16,2,247.0
3,16,3,227.0
3,16,4,215.0
3,16,5,195.0
3,16,6,180.0
3,16,7,163.0
3,16,8,151.0
3,16,9,135.0
3,16,10,118.0
3,16,11,97.0
3,16,12,77.0
3,16,13,51.0
3,16,14,35.0
3,16,15,11.0
3,16,17,14.0
3,16,18,32.0
3,16,19,47.0
3,16,20,63.0
3,16,21,79.0
3,16,22,91.0
3,16,23,97.0
3,16,24,118.0
3,17,0,285.0
3,17,1,273.0
3,17,2,260.0
3,17,3,241.0
3,17,4,229.0
3,17,5,209.0
3,17,6,193.0
3,17,7,176.0
3,17,8,165.0
3,17,9,149.0
3,17,10,132.0
3,17,11,111.0
3,17,12,91.0
3,17,13,66.0
3,17,14,49.0
3,17,15,25.0
3,17,16,14.0
3,17,18,18.0
3,17,19,32.0
3,17,20,49.0
3,17,21,65.0
3,17,22,77.0
3,17,23,84.0
3,17,24,105.0
3,18,0,303.0
3,18,1,291.0
3,18,2,278.0
3,18,3,259.0
3,18,4,247.0
3,18,5,227.0
3,18,6,211.0
3,18,7,194.0
3,18,8,183.0
3,18,9,167.0
3,18,10,150.0
3,18,11,129.0
3,18,12,109.0
3,18,13,84.0
3,18,14,67.0
3,18,15,43.0
3,18,16,32.0
3,18,17,18.0
3,18,19,14.0
3,18,20,31.0
3,18,21,48.0
3,18,22,60.0
3,18,23,67.0
3,18,24,88.0
3,19,0,318.0
3,19,1,306.0
3,19,2,293.0
3,19,3,274.0
3,19,4,261.0
3,19,5,241.0
3,19,6,226.0
3,19,7,209.0
3,19,8,197.0
3,19,9,181.0
3,19,10,165.0
3,19,11,144.0
3,19,12,124.0
3,19,13,98.0
3,19,14,82.0
3,19,15,58.0
3,19,16,47.0
3,19,17,32.0
3,19,18,14.0
3,19,20,17.0
3,19,21,34.0
3,19,22,46.0
3,19,23,52.0
3,19,24,74.0
3,20,0,334.0
3,20,1,323.0
3,20,2,310.0
3,20,3,290.0
3,20,4,278.0
3,20,5,258.0
3,20,6,243.0
3,20,7,225.0
3,20,8,214.0
3,20,9,198.0
3,20,10,181.0
3,20,11,160.0
3,20,12,140.0
3,20,13,114.0
3,20,14,97.0
3,20,15,74.0
3,20,16,63.0
3,20,17,49.0
3,20,18,31.0
3,20,19,17.0
3,20,21,17.0
3,20,22,29.0
3,20,23,35.0
3,20,24,57.0
3,21,0,350.0
3,21,1,339.0
3,21,2,326.0
3,21,3,307.0
3,21,4,294.0
3,21,5,275.0
3,21,6,259.0
3,21,7,242.0
3,21,8,231.0
3,21,9,214.0
3,21,10,198.0
3,21,11,177.0
3,21,12,155.0
3,21,13,129.0
3,21,14,113.0
3,21,15,90.0
3,21,16,79.0
3,21,17,65.0
3,21,18,48.0
3,21,19,34.0
3,21,20,17.0
3,21,22,12.0
3,21,23,18.0
3,21,24,40.0
3,22,0,362.0
3,22,1,351.0
3,22,2,338.0
3,22,3,318.0
3,22,4,306.0
3,22,5,286.0
3,22,6,271.0
3,22,7,254.0
3,22,8,243.0
3,22,9,226.0
3,22,10,209.0
3,22,11,188.0
3,22,12,167.0
3,22,13,140.0
3,22,14,124.0
3,22,15,101.0
3,22,16,91.0
3,22,17,77.0
3,22,18,60.0
3,22,19,46.0
3,22,20,29.0
3,22,21,12.0
3,22,23,6.0
3,22,24,28.0
3,23,0,368.0
3,23,1,357.0
3,23,2,344.0
3,23,3,325.0
3,23,4,313.0
3,23,5,293.0
3,23,6,277.0
3,23,7,260.0
3,23,8,249.0
3,23,9,232.0
3,23,10,216.0
3,23,11,194.0
3,23,12,173.0
3,23,13,147.0
3,23,14,131.0
3,23,15,107.0
3,23,16,97.0
3,23,17,84.0
3,23,18,67.0
3,23,19,52.0
3,23,20,35.0
3,23,21,18.0
3,23,22,6.0
3,23,24,21.0
3,24,0,389.0
3,24,1,377.0
3,24,2,365.0
3,24,3,346.0
3,24,4,333.0
3,24,5,314.0
3,24,6,298.0
3,24,7,281.0
3,24,8,270.0
3,24,9,253.0
3,24,10,237.0
3,24,11,215.0
3,24,12,194.0
3,24,13,167.0
3,24,14,151.0
3,24,15,128.0
3,24,16,118.0
3,24,17,105.0
3,24,18,88.0
3,24,19,74.0
3,24,20,57.0
3,24,21,40.0
3,24,22,28.0
3,24,23,21.0
